0 31
280 12
288 65
0 14
0 0
835 134
0 44
0 0
112 56
12 12
480 77
0 34
0 0
2166 96
210 45
0 0
16 16
273 33
106 17
0 0
0 0
30 76
0 78
95 95
20 20
0 26
0 31
604 32
139 14
43 43
156 78
0 13
301 98
0 7
49 49
180 90
0 0
0 127
0 115
851 56
0 0
27 27
0 135
0 97
24 28
0 0
131 26
94 14
0 78
0 0
0 79
74 74
0 0
0 0
95 95
91 77
0 11
133 15
5 132
0 0
138 11
0 0
0 87
0 62
254 24
64 4
0 24
123 21
0 0
166 11
150 150
0 105
660 57
30 2
0 0
108 1
833 9
0 0
154 8
0 107
0 50
0 0
0 0
63 25
14 14
0 121
75 81
0 36
65 65
75 96
0 0
50 50
153 42
6 6
64 32
0 0
0 89
0 97
43 43
56 5
0 41
0 0
0 78
782 30
359 44
0 52
180 95
137 34
143 24
910 88
57 72
0 0
82 82
1770 91
260 83
0 0
46 70
0 8
77 77
0 0
40 85
0 0
0 7
153 13
0 65
1047 35
141 42
0 38
170 48
60 116
95 30
0 33
0 38
156 78
0 111
75 4
0 48
21 64
0 104
0 9
0 102
0 130
0 36
0 0
446 37
0 10
3129 5
0 0
0 13
0 0
0 111
0 82
2963 5
487 39
84 24
58 40
0 125
0 100
11 11
312 156
0 73
60 3
0 58
0 46
1124 68
1866 37
1746 48
996 121
72 72
0 27
0 18
1629 66
0 0
34 6
0 9
177 4
620 120
0 42
0 0
0 0
385 145
79 91
0 0
115 56
126 48
1718 77
0 38
125 8
0 77
1435 164
0 132
0 11
112 56
2336 12
693 103
200 100
0 58
298 32
273 1
0 60
0 6
0 0
0 0
0 97
0 0
0 148
60 2
0 0
111 5
464 69
0 39
0 0
0 0
126 44
97 12
208 58
1365 181
0 34
88 28
164 34
0 0
70 118
0 0
0 77
107 9
160 80
123 5
67 16
0 25
82 38
0 96
48 120
0 33
0 5
220 110
0 14
0 76
0 0
0 0
8 8
0 0
93 3
0 0
465 50
0 11
0 19
0 0
27 27
0 0
1948 68
245 2
104 104
68 17
195 3
24 24
0 40
1482 12
0 116
37 16
0 95
0 10
83 163
1860 49
0 109
1387 10
55 55
0 0
0 0
0 7
106 21
0 68
1921 64
1923 149
804 24
106 106
0 0
51 2
126 53
2320 166
0 11
0 112
102 36
76 85
294 69
0 12
0 7
0 0
93 15
0 41
168 15
0 44
0 0
0 20
127 33
0 40
58 69
0 129
58 62
32 65
156 78
178 9
0 0
1055 80
0 21
45 36
126 72
72 72
1630 120
109 61
28 28
74 36
233 59
210 45
1389 89
0 71
664 23
160 80
0 0
1593 94
0 0
225 34
628 4
140 8
2896 29
99 87
189 4
0 15
118 45
74 33
2791 139
0 47
529 118
0 72
1507 122
0 26
0 15
0 61
0 0
0 0
0 0
0 0
0 34
150 24
0 14
0 7
0 0
64 78
0 0
47 47
114 53
2518 164
117 26
276 138
0 0
2791 18
0 0
46 46
137 40
0 0
0 67
0 78
2010 150
84 30
240 25
0 0
0 0
0 36
235 20
0 22
0 107
0 0
87 9
481 11
826 42
0 27
0 0
0 0
0 45
261 19
0 9
0 96
54 19
0 11
121 13
48 114
0 0
125 8
0 41
0 58
71 1
116 116
0 48
0 13
245 67
0 35
4709 29
364 144
98 19
165 9
0 9
0 8
65 13
2859 39
546 54
184 10
195 52
0 0
16 16
0 103
310 152
113 5
0 56
0 0
0 75
44 44
0 0
180 90
1269 74
0 18
132 10
0 64
0 105
0 0
0 118
0 10
117 117
0 16
0 63
220 110
0 67
0 96
294 39
111 41
60 50
150 33
0 38
34 2
40 87
0 0
0 0
0 120
0 0
133 31
129 129
95 1
104 38
155 44
0 0
2198 159
0 44
56 58
231 51
0 43
110 68
0 94
0 57
0 0
109 22
0 10
155 24
442 88
100 23
34 19
130 65
0 119
0 0
58 58
1789 72
121 10
159 159
1319 167
0 38
100 38
159 17
0 27
104 17
18 18
0 0
0 0
0 0
150 13
0 45
1055 55
65 42
0 38
119 10
0 98
0 110
281 6
213 64
184 105
0 96
0 83
97 97
0 44
133 44
103 49
0 81
0 45
0 0
0 0
0 0
0 39
23 23
0 0
120 60
54 27
0 0
215 6
0 128
0 24
0 16
0 0
0 20
101 4
0 31
599 94
1541 120
0 0
33 33
18 18
0 0
0 34
0 0
0 10
0 10
0 119
792 184
0 26
38 90
357 118
0 113
50 10
5130 76
0 133
0 57
106 32
320 160
48 24
0 0
1338 58
0 0
0 0
210 3
0 20
100 71
92 84
0 80
0 0
0 0
0 13
88 13
30 1
0 38
298 109
224 7
64 22
27 43
0 171
0 0
0 69
0 28
0 0
288 144
97 97
1390 130
104 104
0 131
0 27
0 80
168 25
579 32
142 9
0 30
355 2
0 16
636 118
0 8
2402 48
0 70
0 55
820 65
0 28
87 13
213 23
0 36
648 159
135 135
0 0
0 33
104 77
196 12
0 0
0 0
196 48
0 101
0 6
0 91
304 152
73 74
551 125
0 0
53 53
0 0
445 161
0 0
36 18
156 78
64 64
91 117
0 33
0 0
0 66
2090 60
18 62
0 28
0 43
0 0
71 94
1009 29
0 180
0 0
77 67
252 126
9 113
53 53
248 16
401 16
68 22
35 35
104 52
0 80
0 32
0 35
110 30
0 0
2519 21
274 89
0 0
72 36
0 78
340 98
0 0
0 30
0 7
0 0
3404 42
404 69
519 4
0 53
765 32
512 138
84 84
568 78
132 51
16 16
0 76
33 12
0 12
95 136
0 27
244 20
108 54
0 13
0 20
0 89
47 47
0 34
0 0
210 105
0 26
0 21
0 32
92 3
0 90
0 0
0 0
0 82
0 40
104 92
0 120
17 17
0 0
114 57
34 37
0 6
0 0
0 69
0 15
37 37
0 155
2223 1
2307 33
0 0
0 0
0 48
100 110
138 17
0 0
0 122
105 19
7684 139
121 121
0 0
0 0
0 44
0 14
0 165
0 27
0 0
0 51
1461 11
0 10
0 61
0 48
80 40
0 8
408 74
0 16
0 46
151 45
0 0
0 0
0 57
0 60
892 130
0 8
42 48
0 24
26 26
0 89
0 163
52 52
169 89
87 122
166 18
0 40
0 165
589 68
0 0
0 15
0 42
129 39
0 0
232 4
0 117
0 12
2107 68
0 14
144 7
0 7
51 1
534 54
0 145
27 67
0 61
0 0
0 189
51 105
0 96
0 0
186 18
0 21
52 29
156 86
674 152
96 96
0 107
0 0
48 56
0 110
0 0
841 168
0 0
0 40
0 40
418 94
998 126
1105 163
0 0
78 39
0 77
119 119
50 50
64 22
179 9
0 12
0 21
0 129
140 29
0 58
51 51
83 24
17 71
0 0
560 158
0 9
450 84
0 0
0 0
0 0
0 11
1078 77
0 0
0 0
0 78
225 8
1747 35
140 70
0 0
0 0
987 150
0 0
176 76
0 83
708 194
57 20
134 46
0 47
0 0
0 0
0 30
0 121
30 30
0 48
0 94
72 3
116 12
124 34
0 21
0 64
51 54
5408 192
50 138
133 12
132 55
165 10
0 84
0 0
90 24
218 10
0 10
220 113
0 141
336 53
176 46
212 122
407 22
90 13
176 88
207 82
0 73
543 113
80 40
447 52
78 2
163 8
0 21
0 106
238 62
0 0
1118 97
0 162
73 97
0 0
0 0
0 30
81 17
27 16
118 45
0 0
44 22
0 0
202 12
0 23
0 34
455 116
4243 72
128 64
436 18
0 46
70 5
1340 131
0 29
129 92
44 44
0 0
140 70
166 166
0 33
168 84
508 58
0 45
152 22
88 44
8 8
67 67
0 12
0 56
0 70
0 152
155 155
0 63
0 0
0 53
0 0
97 97
0 0
0 14
45 45
0 0
0 12
0 0
0 38
10 90
0 113
0 0
0 0
0 15
0 0
0 0
121 121
0 0
72 72
0 0
0 0
910 171
380 63
0 28
0 75
108 7
0 79
0 0
0 87
0 0
0 57
0 94
0 0
0 0
0 132
98 52
857 59
1965 141
77 99
27 27
48 110
0 24
0 0
0 0
918 124
26 26
0 0
93 70
0 0
198 99
0 0
1407 50
0 0
60 60
0 0
0 48
0 0
0 27
7479 52
0 0
2769 25
451 137
71 13
68 68
0 79
127 32
183 101
206 14
0 0
942 124
0 0
0 115
0 0
4893 14
132 66
0 33
101 54
102 51
62 39
0 0
0 0
172 136
1294 26
38 16
249 71
143 1
0 0
0 88
0 21
734 16
24 24
59 59
212 106
0 0
264 132
21 21
0 0
0 0
0 0
0 64
143 31
64 32
41 155
198 58
130 52
1548 122
377 33
0 77
0 0
0 10
0 46
91 10
48 48
140 11
81 81
71 72
122 122
0 83
162 10
0 85
0 124
0 0
0 0
0 8
95 20
4006 144
0 0
840 86
0 60
0 22
0 76
58 121
111 111
284 81
0 39
191 39
2271 39
0 80
552 100
0 82
0 50
0 39
14 14
0 21
0 29
46 46
99 55
3750 142
0 0
163 119
252 126
0 0
0 0
390 159
118 75
40 20
0 35
61 61
0 116
64 32
0 49
0 0
274 50
0 11
0 0
1694 22
0 32
0 68
852 142
0 12
0 27
144 36
0 15
144 22
46 46
0 0
0 80
63 82
37 37
0 0
71 71
0 0
81 61
0 107
1532 156
0 53
0 87
127 21
396 36
0 0
0 7
0 24
0 0
119 122
380 86
412 113
133 133
0 51
0 0
105 9
51 51
475 139
0 106
219 1
0 13
0 13
129 41
0 52
387 120
0 76
0 19
77 117
39 41
0 53
150 61
0 40
62 62
86 52
686 76
213 60
432 155
0 0
180 84
0 83
986 49
1608 24
46 55
60 30
0 36
100 6
1212 40
0 0
0 0
129 24
0 5
0 0
0 48
0 0
0 15
0 0
0 39
0 8
0 29
0 124
0 81
0 72
306 133
0 13
0 0
0 32
0 54
0 64
102 18
0 0
0 56
1239 55
0 53
132 1
733 145
15 15
0 41
0 57
246 19
0 0
0 0
1560 120
544 138
2098 18
4263 107
0 0
375 31
0 0
115 17
0 0
145 50
105 57
58 30
0 0
240 120
0 0
0 23
0 55
0 151
0 42
0 0
0 158
83 35
0 91
156 38
0 123
0 58
66 50
0 44
131 22
0 0
1943 39
88 170
66 84
92 46
0 50
0 0
0 42
0 79
65 36
623 39
0 0
0 103
65 111
1437 6
59 14
80 80
0 23
168 68
0 27
0 0
0 49
0 25
1358 126
0 0
189 19
0 25
380 122
0 0
130 130
0 12
0 19
0 41
59 59
0 0
0 0
616 136
0 85
0 64
2543 79
0 55
0 0
0 0
0 29
962 138
0 9
0 0
35 35
0 7
2068 142
14 14
423 171
146 23
23 23
0 76
0 0
797 117
0 28
0 0
235 21
54 2
0 39
0 37
436 20
359 9
85 54
1106 62
0 66
21 65
104 52
0 115
568 107
46 46
240 120
138 98
73 4
978 92
109 109
0 5
152 76
195 77
0 37
67 61
0 62
68 81
3727 22
0 44
122 16
0 79
931 19
0 0
101 23
897 31
75 100
312 156
1089 184
0 15
184 184
36 36
0 20
0 54
0 0
0 111
0 0
0 61
0 75
138 1
0 66
235 52
0 95
0 0
0 50
117 76
0 96
0 103
0 0
0 0
0 14
1131 24
152 76
0 0
0 148
27 27
720 146
165 7
0 0
132 66
0 0
0 59
0 44
0 0
0 44
0 0
0 17
49 59
41 41
0 80
201 105
0 110
0 12
3126 107
0 59
0 83
922 127
0 27
14 137
24 72
108 1
1552 128
0 141
0 26
0 16
175 82
0 134
0 62
112 20
0 0
1192 117
991 84
0 0
0 0
0 56
0 109
804 68
68 6
0 44
0 74
0 0
0 23
0 110
50 50
4153 149
0 133
0 52
751 3
270 135
0 109
0 0
0 0
358 17
221 52
0 49
52 26
88 32
736 12
8229 15
2450 94
17 17
81 26
0 0
65 65
48 13
0 39
0 5
0 75
122 122
22 92
201 34
183 37
477 21
84 88
116 25
0 0
192 96
0 0
11 11
0 56
53 53
282 137
135 58
104 76
0 156
39 39
0 0
0 32
105 105
130 4
26 26
0 0
19 19
127 58
1575 35
133 100
12 12
1944 87
189 84
0 0
0 0
50 50
1418 127
0 0
0 37
55 19
20 129
156 78
0 7
322 28
133 133
1341 1
0 23
115 13
121 2
188 4
140 70
0 8
2326 50
118 63
90 29
0 104
1176 143
0 20
34 34
43 43
0 43
149 30
316 53
0 0
0 46
147 4
0 16
1912 58
0 7
0 30
135 29
30 30
368 105
0 0
0 89
129 13
0 0
0 58
121 31
0 0
0 0
28 56
397 102
0 6
0 121
1834 56
0 118
0 23
3250 60
0 59
0 0
41 41
19 69
123 89
0 58
0 0
0 0
225 31
0 0
1108 41
0 22
59 59
1421 92
0 40
105 105
0 0
0 0
0 0
93 71
421 147
0 0
0 0
0 19
0 29
1340 187
3720 155
2431 108
0 73
208 104
119 35
724 127
0 47
0 54
0 0
48 50
0 0
153 19
0 91
0 103
0 0
214 144
102 102
85 61
0 0
138 80
0 93
131 131
147 8
76 79
236 28
718 36
830 73
0 29
103 30
12 77
24 24
0 46
0 41
0 0
838 145
0 0
80 49
46 46
120 80
117 117
2460 26
0 45
0 10
80 16
2170 161
0 9
160 80
846 72
42 13
148 43
0 48
0 0
0 18
0 0
51 51
30 30
0 0
17 17
145 1
0 0
0 0
0 47
0 83
0 0
89 49
88 88
5418 175
0 78
0 0
0 22
0 0
0 152
0 0
0 24
0 113
0 0
105 54
199 1
154 22
0 72
0 96
0 0
25 25
125 125
0 0
0 0
341 107
0 66
105 15
306 132
1168 12
150 150
0 0
35 55
748 80
0 45
0 132
27 71
0 119
0 77
0 22
0 108
332 105
0 146
1531 125
0 0
48 9
168 84
950 166
0 24
0 5
0 13
122 17
435 22
0 83
0 0
0 0
193 87
80 95
72 81
261 63
267 21
0 30
216 44
108 28
83 83
78 11
69 69
135 24
94 19
560 30
225 7
0 46
96 48
0 24
0 13
0 89
31 31
106 23
114 34
180 90
0 77
173 173
154 32
84 84
55 35
450 15
0 101
0 0
175 43
1063 56
48 48
0 89
5065 126
0 0
0 35
136 7
0 81
5978 125
2230 180
61 10
0 0
136 136
0 14
0 91
0 26
245 91
85 77
146 2
970 185
0 0
2906 157
129 5
0 27
0 18
0 0
116 18
0 86
0 86
139 15
428 77
0 39
0 12
3255 22
306 114
0 65
0 10
105 34
0 15
0 27
1567 20
59 59
73 3
0 91
192 96
60 32
0 9
0 35
1328 2
0 55
491 36
244 12
0 0
0 0
0 0
0 0
0 66
105 121
72 32
0 8
0 143
401 98
189 147
53 53
0 43
0 0
0 0
109 16
0 0
36 99
72 36
118 1
40 112
0 131
94 94
0 158
0 51
160 80
0 9
0 56
0 21
0 13
0 83
1455 44
0 86
18 21
56 56
0 0
306 25
0 133
136 90
2333 176
28 28
0 144
0 0
74 74
0 98
0 62
0 0
0 0
0 0
144 17
0 0
2132 16
0 0
16 16
0 22
368 127
52 52
82 82
0 65
65 34
42 42
0 52
139 6
72 36
66 75
61 61
0 74
0 87
0 81
0 0
64 38
1180 151
153 36
0 0
148 42
64 32
0 38
0 29
0 91
0 41
604 54
192 26
75 97
0 9
932 32
111 111
112 34
0 0
1008 22
827 6
335 28
0 63
0 46
0 29
30 41
0 0
0 29
0 0
160 160
0 0
61 47
207 6
42 42
436 100
426 16
0 0
48 24
0 14
46 17
0 0
1312 92
6 30
995 13
0 84
0 125
0 99
0 31
27 27
0 0
0 28
156 42
0 39
0 200
123 29
567 88
268 63
605 27
16 16
156 20
1820 157
0 62
980 14
130 130
114 114
114 57
0 18
815 98
671 6
200 23
59 59
862 42
854 62
54 139
0 48
0 60
3118 117
0 0
88 48
0 36
610 101
0 9
0 18
0 80
276 117
641 80
140 21
145 37
0 0
478 155
46 46
0 0
34 39
0 36
0 12
0 109
0 29
0 0
0 5
0 40
176 88
0 74
0 0
0 5
0 27
2454 66
0 14
1296 95
0 39
0 0
1298 28
216 108
0 0
117 47
0 142
1863 50
0 10
144 144
0 0
0 58
0 12
144 28
0 0
110 66
957 103
0 6
81 88
36 36
31 31
39 5
0 0
0 0
267 31
96 71
0 41
86 55
55 16
77 11
210 105
135 32
4652 142
2426 176
36 36
0 24
68 120
0 68
0 15
3921 101
194 12
138 69
20 28
0 0
149 19
0 50
933 12
0 18
1676 155
124 21
0 0
0 0
0 77
0 43
140 6
145 14
68 3
0 0
0 69
153 153
0 27
110 2
0 155
0 73
33 33
0 18
0 31
54 137
0 31
158 3
720 52
0 67
0 78
0 27
322 130
70 98
0 0
0 0
338 113
175 40
2139 168
0 0
789 18
0 78
118 54
90 90
30 58
0 0
0 0
0 31
470 70
0 0
135 19
0 31
0 0
0 140
242 30
0 19
115 7
324 4
67 44
148 39
6467 126
0 0
0 33
0 0
2713 49
0 0
0 55
0 38
1179 36
395 120
120 60
727 68
0 57
0 39
266 32
702 98
0 0
33 157
0 0
15 15
147 33
0 92
0 48
0 83
0 129
0 24
111 15
44 22
0 0
150 15
0 17
19 19
0 18
30 167
0 17
0 34
0 0
0 79
117 6
0 135
0 0
99 43
0 59
63 63
0 18
0 65
113 29
0 0
0 72
0 14
119 27
0 0
0 48
36 36
0 0
0 117
0 27
0 50
225 12
0 0
0 64
841 9
0 31
0 70
4108 175
0 34
0 0
30 30
0 17
198 94
96 96
0 0
415 148
68 4
77 25
0 13
0 56
0 0
95 95
52 26
126 126
69 125
0 84
0 0
24 24
126 71
0 0
9 9
0 0
61 61
887 16
0 0
0 0
1127 86
0 170
0 0
0 97
82 25
0 48
51 51
0 109
0 0
867 97
0 81
72 36
46 21
0 127
312 156
0 143
2636 114
0 64
216 108
0 0
63 12
170 29
45 45
0 0
0 0
0 0
143 143
525 121
0 0
426 122
225 22
361 157
0 0
1115 38
0 133
87 12
0 69
140 59
108 85
1327 156
0 116
0 0
0 77
0 23
78 7
0 0
117 60
122 58
0 101
441 12
0 0
88 18
1700 70
145 145
0 76
0 107
592 48
225 5
0 65
0 0
543 36
134 4
0 23
24 24
0 133
0 71
782 77
35 114
356 69
0 35
35 146
0 114
81 81
0 0
0 0
0 0
142 33
0 6
0 141
2429 41
974 88
145 13
0 0
0 74
0 56
149 38
64 108
102 102
0 19
0 0
105 79
0 107
156 21
0 9
0 0
0 0
0 75
0 97
0 80
0 15
92 46
122 39
0 0
54 27
0 25
0 0
0 125
0 27
0 0
148 148
77 77
170 4
3488 136
1658 83
0 88
0 131
0 0
0 0
9 9
0 7
226 60
114 26
0 0
0 54
0 44
0 97
75 75
123 18
0 11
98 2
12 17
0 33
0 0
0 75
85 35
352 109
216 14
0 151
150 74
0 43
0 12
672 111
117 12
0 0
109 29
0 5
0 0
0 53
2099 91
175 8
543 7
0 112
108 43
1884 23
0 41
94 68
0 0
0 62
291 54
66 4
5758 166
0 8
0 7
256 68
0 29
35 5
3362 56
0 0
0 85
0 0
185 117
0 72
2070 40
0 96
61 61
0 21
79 92
186 63
0 16
245 21
0 15
240 120
108 40
2773 55
0 130
18 18
152 2
130 6
0 0
309 5
72 72
0 0
3426 31
587 97
0 62
126 105
0 72
0 0
0 80
0 0
36 36
0 69
0 66
323 1
18 18
329 97
417 92
13 13
0 0
225 29
531 78
201 37
592 82
0 0
109 39
0 0
225 17
346 112
179 21
1192 102
0 41
64 32
98 2
1778 106
196 16
414 119
598 108
0 40
64 64
0 51
0 17
1520 122
0 0
0 25
62 62
346 49
0 0
0 45
63 63
0 92
1677 44
508 173
356 21
0 45
0 11
0 9
109 6
41 41
340 118
0 55
113 61
0 0
93 93
0 95
0 0
0 38
462 14
0 18
105 105
107 22
0 8
0 0
338 119
32 32
0 99
57 57
0 67
0 9
54 54
824 22
199 53
56 56
104 52
736 41
31 6
0 107
430 110
718 46
104 50
0 19
1024 32
0 36
0 0
41 49
0 26
0 0
46 111
1645 49
0 43
0 0
0 42
0 144
0 122
0 101
2213 88
0 49
173 1
0 105
258 129
212 4
63 14
96 48
0 50
115 65
234 93
1118 182
144 72
70 35
106 12
110 2
0 37
0 101
0 45
92 92
0 171
0 27
0 0
71 22
0 0
1057 82
6 6
0 27
0 25
1425 48
0 0
0 73
81 5
891 148
0 34
98 2
0 0
1142 22
1135 100
0 0
59 59
0 36
0 11
735 57
0 0
647 15
0 97
0 92
0 0
572 108
0 65
360 122
0 0
0 0
99 5
0 0
25 25
42 106
0 95
782 39
84 61
0 140
460 59
0 0
0 28
0 0
101 25
0 76
200 100
0 0
0 8
0 73
26 54
0 86
54 54
3003 57
188 188
48 48
0 113
135 37
0 48
232 80
135 7
444 116
0 8
351 105
0 119
0 0
402 114
0 0
715 19
0 0
256 46
0 30
137 27
0 0
16 16
1895 171
0 28
0 0
0 58
0 22
0 63
0 137
2911 121
85 12
1870 76
0 29
67 7
0 62
95 41
21 21
122 122
137 137
743 32
0 0
0 0
0 0
230 115
1584 3
0 58
69 72
148 15
0 16
0 0
0 88
23 23
39 152
129 60
837 104
1277 103
520 1
187 8
0 87
165 165
1100 67
0 14
134 134
0 0
348 73
121 63
0 0
0 20
56 56
0 10
0 44
568 19
167 167
125 11
4072 171
0 6
17 18
0 80
0 0
144 47
96 29
48 23
216 108
0 21
0 91
0 5
848 144
0 0
0 87
1741 107
0 0
242 40
1449 123
0 9
72 36
0 53
0 15
116 28
0 85
91 4
96 48
68 68
1602 54
56 28
0 156
67 67
557 52
56 80
2254 114
90 45
0 12
0 75
62 62
0 55
56 28
687 22
0 0
70 100
39 39
0 23
115 52
26 26
3603 102
0 50
216 6
408 152
111 1
0 32
0 0
1488 124
0 0
390 61
9 9
0 144
38 89
304 105
0 5
0 29
0 0
0 0
0 0
0 7
35 123
0 39
171 84
0 0
0 126
87 87
0 31
242 53
636 79
160 80
59 2
0 0
0 47
123 46
0 29
55 55
0 0
0 96
143 6
0 14
24 52
0 113
0 73
0 99
0 76
105 78
0 23
82 31
0 37
0 13
0 0
604 60
81 5
124 35
0 22
65 65
112 77
155 121
21 153
123 21
777 77
402 54
0 0
0 14
0 88
0 48
0 0
0 0
0 111
148 74
102 43
118 78
0 0
0 0
0 77
896 153
0 75
155 2
0 29
23 23
151 23
0 18
91 10
0 18
75 11
0 13
0 131
0 41
52 26
68 169
80 42
0 32
41 41
75 127
1138 33
0 7
344 36
894 167
0 73
0 92
0 80
0 0
55 44
0 0
1440 116
0 50
318 86
0 0
0 0
387 3
104 45
605 20
0 96
0 0
0 31
0 105
0 7
492 59
67 67
0 81
0 0
0 61
24 24
96 48
129 83
236 71
0 0
0 0
3450 20
63 47
225 17
119 119
0 98
0 0
0 0
0 0
0 68
1938 172
5827 31
116 57
152 26
231 55
0 0
0 6
67 67
40 41
232 81
147 147
488 134
98 15
0 20
438 42
0 26
299 88
0 69
90 17
0 33
0 10
127 17
105 29
0 0
0 0
0 0
22 58
208 104
96 22
0 0
0 18
349 101
321 88
0 0
0 0
89 89
1768 42
0 0
0 34
0 0
579 82
0 12
0 74
0 69
0 67
40 20
0 16
0 17
141 14
0 12
0 50
0 27
72 72
0 62
0 5
0 61
0 54
57 57
134 134
29 29
0 27
21 21
0 93
0 30
212 106
3133 72
0 0
0 0
0 34
0 0
0 51
0 37
0 37
6255 77
0 16
0 0
0 0
0 0
0 0
31 31
153 41
431 56
0 7
317 99
0 49
1152 3
330 99
71 36
168 84
372 101
48 52
0 0
0 21
35 95
0 112
342 34
564 12
93 5
76 38
0 53
70 64
304 152
0 0
0 12
998 14
0 0
224 112
332 67
0 0
123 53
7361 176
0 93
150 53
0 26
0 112
0 58
0 97
225 15
32 97
54 27
0 21
5391 47
0 0
0 0
22 10
110 44
0 17
0 27
760 148
0 12
1078 78
45 11
0 7
0 0
737 144
66 111
0 29
160 80
0 0
120 62
0 19
0 50
0 0
21 21
0 126
0 0
0 58
0 38
0 63
0 31
11 11
0 10
172 11
828 72
0 0
153 17
91 61
240 120
0 86
0 89
0 0
0 50
0 40
0 42
98 3
82 82
0 0
153 30
96 40
95 31
49 49
60 9
112 52
0 38
0 0
1400 57
198 28
0 0
210 15
0 0
2316 144
0 69
8 160
0 7
0 7
0 82
0 173
0 70
136 68
0 94
0 0
75 81
74 74
149 29
54 54
2337 128
328 31
0 68
63 133
111 55
0 0
123 73
0 73
0 126
82 19
150 61
0 38
0 0
0 70
0 0
0 0
3817 63
7 7
75 75
0 0
118 3
365 62
74 74
0 104
65 68
588 27
0 0
32 4
31 169
3992 151
0 19
1557 52
0 23
0 57
54 54
3221 60
150 25
0 38
0 23
102 10
0 0
0 39
0 13
48 24
570 147
0 30
0 60
0 39
201 97
0 114
0 0
0 24
290 22
271 94
2699 93
0 0
48 48
99 99
167 7
1585 32
4032 85
0 19
0 16
454 14
292 95
3416 75
0 0
0 0
2101 59
44 44
0 87
0 0
379 60
0 0
0 68
0 0
111 36
64 32
627 15
1866 6
120 83
50 30
591 144
89 6
335 128
87 6
70 10
307 13
100 60
1074 159
0 13
0 23
2088 99
546 100
24 12
0 45
0 0
0 132
222 30
148 28
36 3
1060 108
0 47
0 9
0 0
0 0
0 48
0 9
69 37
52 52
0 6
0 0
0 0
144 72
10 26
0 0
102 102
0 0
297 112
272 93
239 23
0 0
0 0
0 0
148 74
43 43
1857 130
0 41
0 39
68 34
0 37
0 0
0 92
358 66
596 142
0 31
90 20
449 148
1184 157
79 21
3014 133
803 38
0 18
0 84
123 71
0 79
338 177
186 93
0 0
0 114
184 92
0 31
902 109
60 30
0 15
102 39
0 0
117 12
29 29
0 0
0 0
0 120
2895 45
0 123
0 0
129 129
0 100
145 21
0 0
416 127
0 79
0 0
53 53
598 58
10 21
109 109
57 57
80 19
0 44
0 11
0 25
1387 50
655 44
0 27
0 103
0 0
0 0
0 5
114 5
351 90
0 53
60 30
0 0
0 0
0 41
119 19
0 0
0 96
0 64
249 149
0 0
1026 77
0 0
4392 85
0 11
0 147
0 61
129 38
0 0
125 25
0 73
29 14
135 21
0 26
200 100
74 25
59 59
0 24
1120 149
0 0
166 15
63 76
105 105
3709 84
353 104
489 93
0 59
0 42
170 170
94 9
0 9
1324 4
531 57
544 131
0 6
264 132
81 53
0 21
93 93
14 14
245 50
158 6
155 4
144 72
0 9
176 88
0 0
0 0
0 14
198 9
0 0
125 28
51 62
0 5
0 15
1626 75
0 14
0 23
32 32
96 48
122 1
0 0
129 25
0 0
0 69
54 54
83 4
0 50
0 50
153 85
0 0
66 66
479 145
0 36
36 123
0 168
156 139
187 24
90 90
0 115
255 92
0 23
0 0
0 33
68 34
0 0
0 40
86 86
140 13
0 0
42 21
0 64
842 6
0 0
64 2
3432 16
0 27
0 123
0 13
71 39
0 14
0 0
168 84
0 0
0 0
229 45
154 3
78 39
143 56
3676 175
0 155
0 0
228 8
54 30
0 122
0 0
32 32
1266 92
69 16
114 114
59 59
1269 1
0 0
89 46
0 0
0 39
0 122
98 98
90 61
2546 140
0 68
49 79
720 57
0 0
0 112
115 51
0 89
0 114
0 0
0 42
0 54
0 108
48 59
202 60
0 0
0 94
150 19
97 62
126 56
111 111
0 80
26 26
1008 162
0 142
0 0
0 19
0 0
0 0
668 153
0 61
0 5
0 11
58 58
0 17
133 25
0 37
0 11
0 37
0 0
2488 56
0 0
0 34
0 103
0 0
0 60
97 97
0 20
2080 101
0 0
443 9
0 0
0 0
158 14
0 14
352 44
417 130
51 51
0 12
690 109
102 102
0 33
3888 118
0 5
102 15
0 0
45 45
0 14
0 36
0 79
0 41
171 100
0 37
0 58
0 0
0 0
450 18
0 0
1488 99
172 30
313 109
403 87
75 30
393 172
0 50
0 0
0 27
212 4
280 140
0 67
130 67
0 93
0 80
119 32
90 68
0 23
44 11
0 12
1479 114
225 57
0 147
0 12
0 155
124 5
0 29
0 10
0 30
110 69
90 33
138 4
252 126
60 15
999 41
0 86
89 1
18 78
88 44
312 22
434 61
0 92
0 27
83 44
84 42
0 0
0 71
0 0
444 14
0 0
456 84
0 0
0 25
0 0
374 137
41 17
619 150
3356 42
0 59
0 27
84 42
55 55
0 17
15 15
132 59
0 26
0 16
0 25
92 35
0 158
143 125
25 25
0 35
1112 76
164 42
2290 57
65 7
0 9
0 0
94 94
84 38
0 105
1084 116
51 36
0 0
184 61
112 73
0 73
0 8
0 0
0 58
78 132
203 57
0 168
115 61
108 108
0 172
867 51
0 53
165 23
96 42
123 26
5251 165
97 43
20 20
0 16
0 0
0 0
0 17
112 10
0 0
0 0
0 0
0 0
135 64
129 43
0 78
0 0
0 172
210 105
182 91
0 14
907 53
0 73
420 120
0 154
0 0
75 75
297 1
106 81
0 147
178 18
0 0
186 54
0 25
720 54
1346 2
0 71
45 36
45 45
148 103
0 40
195 3
207 91
88 88
98 98
636 115
1821 18
0 0
0 31
0 52
35 35
0 121
0 0
158 16
0 0
0 97
0 0
0 40
110 4
0 6
0 0
0 0
1746 90
0 0
0 38
54 54
0 87
0 0
772 140
0 6
1231 131
583 92
0 0
0 30
0 13
225 1
99 35
966 145
386 128
864 88
105 51
189 4
126 7
0 0
176 88
1022 100
0 22
109 15
168 33
105 48
56 28
51 51
0 0
0 0
210 78
387 105
0 41
0 10
0 29
61 135
0 0
93 98
160 120
92 46
0 0
56 56
90 54
0 0
0 25
0 15
0 0
0 0
0 0
64 32
0 28
268 134
0 0
0 0
0 5
0 93
0 10
0 11
0 0
3097 153
4657 69
418 77
409 16
446 139
633 10
0 0
323 176
225 9
0 7
0 48
0 9
0 58
35 35
27 4
18 18
0 90
115 92
0 9
77 77
0 121
0 23
0 133
388 70
0 39
0 0
0 83
0 8
394 96
0 23
0 28
87 36
0 0
0 61
0 89
497 97
122 122
770 10
90 45
0 0
0 0
91 15
336 116
0 9
7 7
235 59
173 13
0 0
70 79
0 18
3408 103
0 20
41 41
104 31
0 8
0 41
99 57
0 139
0 47
41 7
0 24
288 144
0 0
0 69
222 28
27 27
140 4
0 82
48 26
95 22
222 74
0 55
0 78
0 70
60 25
0 10
0 7
0 15
0 0
0 0
1665 33
279 13
76 76
0 103
0 0
70 70
80 80
0 0
0 0
192 3
5308 126
63 11
0 47
511 189
0 32
45 36
0 34
0 0
0 20
96 48
0 132
3316 59
0 80
0 0
168 84
0 31
0 0
112 56
65 123
0 7
415 15
0 0
136 68
2693 2
264 132
228 8
386 143
0 7
381 104
0 0
0 37
0 161
0 76
0 0
556 138
0 19
108 8
0 11
0 12
0 0
0 13
127 127
90 64
0 70
37 37
105 57
289 34
0 157
168 66
0 0
0 11
78 78
0 10
0 0
0 0
1601 107
1186 47
294 4
156 78
0 103
148 37
0 11
0 0
201 65
0 127
0 0
0 0
0 21
36 18
0 82
0 0
0 6
0 0
524 40
214 32
0 118
890 100
632 100
173 78
0 29
0 7
0 0
92 1
94 13
0 103
0 0
0 35
329 23
0 35
61 61
0 0
0 47
53 53
0 0
0 0
4142 79
86 110
7132 117
0 0
0 8
0 0
0 9
273 75
0 56
150 58
109 5
0 0
301 16
92 10
0 0
62 1
1423 63
0 68
0 0
0 96
0 0
185 14
2771 71
0 139
101 101
496 71
0 49
0 36
0 9
123 123
443 149
0 173
0 0
0 54
0 0
879 38
0 0
77 77
0 5
18 20
0 0
96 96
217 146
0 0
4806 93
0 0
0 0
0 0
3200 40
140 46
18 15
658 101
70 1
0 9
0 145
103 103
1066 2
351 96
45 74
7 39
2679 142
0 0
0 21
27 27
76 76
252 20
0 35
0 0
149 47
0 26
168 84
0 11
0 0
0 31
0 22
0 98
69 71
402 167
0 0
0 73
1202 198
0 0
0 0
75 86
0 32
0 5
22 22
65 33
0 25
50 15
0 114
60 60
0 31
52 10
0 41
458 71
0 69
0 20
0 30
0 12
150 32
96 96
299 37
104 52
2531 149
0 125
3144 128
0 90
0 72
0 0
0 35
1452 172
295 21
1648 170
21 21
0 86
0 66
0 46
0 0
17 155
29 29
0 0
260 20
1113 114
157 147
0 0
0 0
146 72
42 42
430 137
237 36
695 24
820 125
258 4
177 11
0 137
0 42
28 28
0 74
0 0
0 22
132 36
0 16
0 16
108 80
434 31
0 80
0 141
255 93
0 65
615 136
620 44
17 17
0 11
1437 137
80 86
0 33
0 58
0 0
0 0
0 9
24 24
4175 102
0 0
0 9
3439 176
0 85
0 118
310 19
152 76
0 38
5612 194
0 0
2490 30
0 0
92 10
125 40
280 140
364 1
102 102
20 20
67 85
2582 30
0 109
142 6
0 0
0 31
30 36
0 68
0 0
84 48
170 9
213 16
318 119
131 131
37 133
318 30
0 0
0 14
19 28
0 17
0 0
0 46
93 41
0 35
0 0
0 0
160 80
0 0
0 108
22 22
30 6
36 36
0 8
0 45
0 0
320 160
0 0
182 91
0 111
0 0
0 0
0 0
186 1
0 34
0 29
144 72
0 32
39 4
133 39
998 139
120 14
0 6
0 23
0 28
0 0
0 7
0 15
88 51
0 0
191 55
765 164
0 76
196 98
0 0
116 116
207 13
0 98
0 0
0 23
113 11
0 0
136 52
100 42
0 0
113 3
24 24
223 13
72 29
337 108
0 0
0 82
0 0
0 33
0 24
0 0
349 127
0 75
0 44
0 79
57 1
0 96
230 5
68 34
63 42
15 15
1008 97
0 0
0 0
91 110
0 56
60 3
0 0
132 66
0 22
0 0
328 18
364 167
0 6
0 192
0 23
115 23
1203 39
0 81
0 109
0 77
0 0
0 90
933 39
111 17
0 10
136 68
55 14
0 63
528 52
0 24
87 12
129 44
0 129
1696 137
0 32
869 71
132 90
280 83
103 2
0 31
0 0
0 0
0 26
456 39
149 3
462 37
62 39
0 29
127 20
0 0
0 0
0 0
125 70
0 19
228 75
0 95
74 74
0 6
0 0
329 6
143 101
0 67
17 17
0 0
0 0
0 56
74 74
0 25
73 73
648 65
0 0
79 91
32 168
0 18
0 103
168 26
0 22
68 68
58 66
1695 118
0 33
43 11
74 26
103 30
0 96
0 13
0 8
139 7
0 0
0 53
860 60
829 62
0 69
0 56
0 29
0 0
103 54
0 33
162 29
0 80
0 0
0 0
0 88
98 8
0 0
0 10
0 0
0 0
51 19
0 27
133 48
39 39
100 72
0 87
131 29
123 123
573 135
473 145
839 64
0 0
274 71
53 53
0 70
250 71
255 57
148 65
0 106
0 0
0 0
90 42
0 105
0 108
0 16
0 27
0 0
0 11
0 46
0 31
472 24
0 0
61 61
0 29
144 30
0 8
192 96
111 76
0 40
31 31
1023 156
0 48
963 154
674 142
0 32
0 0
163 163
12 12
0 47
77 77
78 82
148 74
660 119
63 4
140 14
748 174
0 8
28 14
43 48
224 48
0 0
0 0
0 45
112 112
0 105
0 20
0 12
0 0
0 80
0 0
157 35
72 83
162 45
139 10
142 109
0 0
0 43
0 68
48 112
0 95
0 41
0 10
233 66
6 90
0 0
99 56
1212 120
176 88
0 112
86 63
0 28
0 116
0 12
0 99
112 28
166 31
329 91
52 3
75 37
192 96
4166 124
0 0
0 24
0 93
0 0
48 48
0 152
0 35
0 11
0 48
48 24
0 72
0 132
160 19
174 20
382 2
91 37
80 33
0 0
135 1
2662 12
304 48
0 0
77 77
0 0
0 11
436 56
0 14
0 0
93 11
0 12
0 24
0 0
0 0
0 0
0 64
0 12
201 15
0 39
84 42
0 33
141 42
634 110
0 54
0 60
15 15
0 47
0 13
2565 71
246 38
68 3
41 29
0 0
0 159
0 0
47 47
0 34
1999 104
0 36
75 16
2380 20
0 62
0 69
207 37
147 2
30 30
398 137
112 56
0 59
0 0
0 0
0 61
217 14
0 0
147 25
0 52
594 144
0 102
0 0
686 141
24 24
0 35
19 19
138 24
430 44
2730 109
0 25
0 0
0 45
0 49
261 13
210 85
0 0
0 21
0 79
0 140
0 22
0 20
1641 52
432 142
445 84
12 12
0 43
93 94
90 104
153 25
1119 134
0 80
0 64
337 87
216 4
0 0
108 88
147 77
90 45
772 88
0 16
0 0
49 33
9 173
0 137
0 39
0 16
124 43
219 50
0 72
146 99
150 75
0 39
78 122
0 8
54 119
966 166
0 145
0 68
0 0
0 0
0 122
0 0
0 0
0 83
120 60
0 0
418 141
0 92
372 22
417 131
0 0
0 142
0 43
0 0
171 76
0 49
176 11
0 93
0 0
225 38
934 169
32 32
0 0
276 138
1055 24
130 33
0 0
0 178
182 28
0 31
195 121
153 42
62 62
0 55
0 0
0 0
0 75
0 0
81 81
0 0
0 11
0 80
0 0
0 16
0 11
1820 40
65 65
0 0
0 32
0 0
71 71
120 60
0 59
0 12
0 51
0 6
842 70
252 19
2408 129
0 81
0 72
1340 168
0 25
33 33
212 36
0 13
690 39
0 68
63 34
0 18
0 0
0 11
26 26
0 45
0 36
0 0
36 51
0 0
0 57
0 117
0 57
387 121
0 30
75 55
0 0
54 54
929 29
50 45
89 80
57 57
0 66
0 29
77 16
0 99
62 30
538 34
567 21
0 101
298 22
0 14
168 84
0 37
0 27
0 0
0 86
25 25
1142 119
65 27
0 9
0 8
131 5
0 0
732 18
0 0
0 0
600 152
0 9
32 98
85 7
0 21
240 150
0 51
0 16
351 10
0 0
0 0
224 112
36 36
0 0
92 46
250 86
61 21
0 101
0 73
0 0
0 47
20 20
204 18
129 129
0 0
90 13
148 148
108 48
0 42
0 0
119 8
112 112
0 9
0 110
0 26
0 59
0 76
57 38
77 1
106 26
556 44
174 78
1179 144
383 97
179 1
0 37
5831 26
0 43
222 2
0 0
2939 42
446 165
1304 70
134 8
3514 112
0 0
0 20
0 0
48 117
0 0
158 13
62 62
45 45
0 13
0 89
0 20
552 20
4746 71
0 71
1614 181
1384 27
141 141
0 58
125 27
373 44
0 89
0 67
0 86
0 106
0 0
1010 118
196 40
71 100
0 15
198 57
641 49
235 13
0 46
0 51
0 0
0 0
0 0
0 114
53 53
0 0
0 105
0 43
256 36
0 0
141 96
669 96
0 0
423 154
0 102
0 30
0 0
178 178
0 0
248 112
2467 36
76 76
653 61
62 62
88 31
1824 118
2879 47
0 0
0 6
67 70
0 68
849 41
0 5
0 39
0 14
0 37
0 0
0 0
0 0
585 18
3765 165
0 13
0 24
47 47
0 67
35 98
0 52
0 67
138 27
7162 54
141 14
0 19
1459 64
0 14
0 0
0 5
1211 33
560 61
122 4
0 30
163 23
128 27
70 43
1601 5
20 91
0 53
182 66
0 38
296 143
177 16
66 108
2895 155
68 68
0 0
0 62
0 65
0 0
0 0
101 7
1323 138
0 0
131 24
1188 52
0 0
1053 13
124 8
0 16
0 61
140 25
120 14
796 81
34 34
0 6
0 0
0 31
77 3
1540 113
98 54
1817 90
117 117
0 61
0 0
0 16
0 0
5842 83
119 11
397 6
1508 32
0 60
10 10
121 35
0 0
18 132
1114 72
0 22
29 29
49 3
96 59
15 32
0 70
0 71
0 28
0 12
0 0
1300 114
0 0
165 57
212 48
192 3
0 32
0 162
0 0
0 42
231 82
1511 85
0 20
2699 31
0 0
407 44
0 34
0 0
190 22
0 0
0 0
105 16
197 52
100 72
1352 88
0 46
165 5
0 18
186 4
0 70
71 36
0 13
0 159
104 104
0 0
55 23
0 12
0 0
4585 87
390 30
0 10
386 75
39 39
13 2
0 39
0 51
0 12
0 51
108 108
0 0
0 14
0 12
166 11
0 135
417 147
102 51
988 92
0 46
527 184
0 0
0 11
0 59
110 55
4482 190
0 6
0 75
304 98
0 5
818 51
140 11
50 50
0 0
0 0
754 52
72 5
54 19
0 0
0 44
120 28
785 78
622 128
0 55
129 60
559 84
0 0
0 0
0 0
0 20
36 18
0 18
0 0
71 82
6 78
0 0
0 0
0 154
121 40
933 45
380 117
56 28
4195 90
4693 106
74 74
0 102
0 112
0 21
0 115
0 47
74 13
352 74
72 105
0 49
71 43
150 30
0 70
0 36
0 42
189 72
96 3
0 0
0 100
0 0
13 13
0 0
168 9
0 50
546 135
0 122
0 9
42 20
0 6
0 45
0 143
32 39
0 114
0 0
140 42
163 16
104 46
951 55
0 0
132 33
0 56
185 86
0 0
448 146
0 72
42 57
55 55
0 75
375 125
0 0
794 93
0 17
57 22
538 28
0 0
15 26
27 110
109 5
369 56
0 137
0 0
88 88
0 16
0 0
28 28
0 23
0 98
96 48
734 20
59 39
0 100
170 22
305 92
0 50
137 8
1892 74
106 24
104 24
68 95
0 37
115 10
0 0
0 71
60 44
0 20
90 14
147 21
0 106
0 44
87 14
134 35
1233 15
78 121
750 139
140 93
250 83
0 141
0 0
188 92
0 37
136 68
2066 43
65 65
0 53
115 12
0 24
39 86
28 76
156 89
0 15
0 0
15 6
748 99
0 28
333 28
146 18
1059 2
0 0
199 23
0 67
140 70
102 13
0 33
0 105
0 0
144 72
0 11
0 0
0 0
0 0
0 0
0 154
0 97
32 38
0 64
4046 46
0 160
0 116
0 92
64 32
0 58
22 12
0 0
0 0
0 19
57 21
0 126
0 57
3810 75
352 143
172 4
0 89
6106 183
0 0
0 29
44 44
65 66
0 35
125 40
1032 91
0 108
971 5
0 23
0 19
0 0
88 61
569 19
243 8
282 42
72 72
0 92
72 36
0 0
101 56
0 48
834 98
0 0
0 73
0 0
0 19
578 42
0 0
175 45
0 32
0 9
0 0
0 58
0 0
61 61
64 64
167 24
0 0
0 0
250 3
11 59
0 0
52 17
0 0
244 122
0 21
0 0
0 145
0 50
246 14
0 110
0 7
4527 68
0 31
0 41
0 0
388 44
0 82
129 129
0 76
0 45
0 61
724 36
1525 133
201 33
0 0
10097 129
101 101
118 59
0 11
0 0
0 0
256 67
0 0
181 17
1050 192
0 20
0 102
0 0
890 10
0 0
0 22
0 25
2148 119
48 27
61 65
0 31
0 0
45 6
654 131
1098 148
0 0
0 29
0 0
0 0
342 100
66 22
0 108
139 139
0 8
217 102
112 112
0 38
136 26
0 17
0 30
86 86
0 0
120 25
0 0
0 16
0 39
0 81
0 37
72 113
0 147
0 10
232 8
0 19
0 0
0 17
2162 130
127 127
0 85
254 19
0 0
564 30
0 88
1164 78
0 0
141 7
0 161
74 74
0 79
0 50
0 56
0 19
138 96
908 24
136 3
0 103
159 36
0 0
108 39
0 98
123 123
0 0
0 33
0 34
0 95
0 19
0 0
856 168
265 19
0 72
0 0
0 9
0 7
18 88
44 22
93 17
115 25
255 26
0 23
40 40
732 48
770 34
0 47
115 8
15 28
0 0
30 140
48 48
610 110
0 0
0 17
0 0
0 33
96 53
0 0
0 0
104 49
50 50
105 105
0 8
149 28
744 54
0 57
0 108
180 11
0 62
0 0
0 152
115 14
0 0
195 58
47 47
99 99
60 105
144 72
31 72
59 59
0 20
44 44
21 21
532 133
0 45
65 22
43 3
1138 156
0 57
70 56
0 21
118 10
269 84
147 50
0 0
0 25
0 10
0 31
54 27
257 17
250 8
0 65
0 59
0 76
102 92
0 0
0 0
0 90
6716 155
21 44
97 32
0 79
633 24
268 134
1950 51
140 70
50 17
132 42
265 30
0 0
0 61
70 70
42 82
0 0
0 103
0 0
2426 161
0 46
111 51
117 11
0 29
40 20
15 15
5178 111
155 5
0 0
0 0
0 31
104 39
0 0
0 100
3725 1
177 18
0 0
313 164
0 46
90 90
0 39
0 145
0 94
0 75
130 20
0 18
81 86
1302 117
0 0
1651 46
2356 86
0 58
0 0
3374 179
0 13
862 30
160 160
0 0
36 36
1028 185
429 120
0 0
0 149
0 43
0 144
0 17
3259 16
59 59
238 33
23 23
1782 147
59 27
29 29
34 66
0 20
0 49
750 59
0 17
0 39
40 20
0 11
0 0
0 41
0 26
0 31
0 33
0 0
0 0
45 45
538 62
0 44
155 12
2006 99
0 39
0 0
2969 172
442 12
0 11
111 35
1116 54
0 0
4224 39
0 8
0 18
10 42
0 20
338 99
0 12
1128 125
71 1
0 86
3641 118
118 64
60 3
92 69
100 50
1072 152
154 3
3848 141
16 99
305 124
1008 72
0 91
0 19
103 28
0 67
0 23
0 0
168 84
0 62
0 7
0 81
148 54
0 0
0 110
18 49
464 80
0 0
332 97
155 13
207 29
0 0
0 0
308 18
0 18
379 114
189 37
22 22
165 28
0 0
4316 129
34 26
115 6
79 15
91 19
200 64
74 100
0 52
70 35
111 88
0 19
0 98
99 15
0 16
0 29
0 36
179 27
0 8
96 48
997 24
0 18
0 24
226 67
77 2
0 52
128 64
187 102
0 0
149 32
0 137
88 3
151 151
169 101
0 62
2982 120
0 41
0 0
0 0
0 51
0 82
130 44
1212 48
0 12
542 121
0 52
0 147
476 86
0 37
0 0
208 4
318 109
38 89
222 7
79 108
0 60
0 0
421 121
65 46
519 44
0 77
0 0
247 99
63 135
1699 65
0 7
0 94
0 89
67 5
0 169
170 170
262 57
296 148
18 18
159 159
148 47
0 101
39 39
0 20
532 68
50 12
0 14
494 54
67 67
0 72
582 115
0 101
0 14
0 72
160 80
5683 111
180 32
0 0
0 69
0 0
0 54
0 8
835 2
0 90
0 91
0 9
0 72
0 90
141 9
0 21
0 0
0 15
0 70
1180 64
172 86
357 21
0 31
0 0
0 12
0 0
0 27
0 45
0 13
0 33
0 13
1160 20
0 18
46 9
0 132
49 134
277 86
0 0
42 101
75 75
0 167
0 59
0 77
49 3
0 156
0 0
0 6
0 0
0 142
0 0
270 50
0 44
0 71
0 16
144 33
134 13
0 20
0 0
0 0
965 96
128 21
0 142
276 26
166 8
316 132
2124 181
217 106
394 102
70 70
0 39
0 5
117 29
25 25
963 48
36 36
0 0
0 0
104 32
306 52
458 112
0 0
0 31
30 54
127 34
142 56
48 24
0 64
69 10
39 39
28 28
0 65
0 38
0 30
1356 156
0 0
0 20
0 70
498 113
29 29
0 0
131 131
156 78
50 50
0 11
0 0
0 17
0 0
903 69
0 130
906 54
31 31
43 152
0 11
341 6
124 124
0 0
0 114
88 12
0 87
380 75
38 38
0 40
0 90
1142 56
531 158
0 46
68 34
0 55
0 30
321 117
0 125
78 28
58 60
0 52
0 5
136 68
642 22
85 85
0 102
235 100
0 45
0 0
0 62
0 19
0 191
0 23
0 6
0 38
0 63
0 0
102 30
243 81
358 99
0 12
1180 164
95 73
0 72
1758 112
21 44
0 64
0 14
362 115
0 0
0 0
37 37
0 18
101 65
0 71
65 5
0 26
5600 57
0 40
234 63
0 0
0 0
0 55
2657 32
383 115
108 15
0 98
0 0
1005 5
126 4
0 0
0 50
3588 80
0 94
1472 122
0 60
0 71
0 26
70 70
0 72
0 0
0 82
2394 67
0 6
668 137
51 51
0 51
44 44
0 60
33 33
0 0
170 20
1586 189
0 30
0 0
0 0
0 51
182 14
78 7
0 72
0 100
2902 16
64 70
397 38
885 13
67 67
67 35
54 1
556 38
189 3
1024 74
110 32
993 128
0 12
83 18
216 37
0 49
4653 29
155 14
49 63
0 23
0 31
36 3
23 23
0 0
140 43
885 101
153 28
30 30
210 45
390 60
71 71
57 57
2430 111
1760 95
144 72
0 88
61 10
1220 116
0 104
0 0
0 49
0 23
144 72
0 104
357 106
0 0
0 38
0 22
0 31
0 97
0 154
0 12
0 0
0 0
0 0
49 49
0 97
0 0
120 9
0 51
44 10
0 0
0 17
148 38
0 12
66 33
0 0
0 25
175 2
0 0
3609 138
0 104
0 0
0 107
0 0
0 0
120 60
130 5
0 111
0 0
737 41
0 143
0 8
284 142
71 48
0 0
0 66
36 53
0 45
0 81
2640 113
10 60
0 0
0 0
201 33
0 0
0 30
0 0
0 33
318 129
63 63
0 0
459 168
145 24
0 12
0 0
294 147
33 58
535 183
66 38
127 127
176 4
52 126
0 31
0 116
4459 27
136 26
56 56
0 19
319 87
257 118
45 45
129 2
0 0
0 0
0 25
0 31
0 37
118 23
1804 148
0 13
0 69
108 67
0 0
253 148
0 14
0 97
19 19
22 22
848 110
0 114
822 18
123 47
124 62
67 67
0 80
0 61
0 0
84 84
15 15
0 77
331 124
0 15
0 10
0 0
0 0
0 75
108 87
1120 59
0 0
0 0
0 81
0 14
0 85
0 92
0 21
0 0
91 116
0 11
278 46
0 0
0 66
114 57
0 116
0 0
0 93
0 133
94 15
0 50
0 0
0 0
274 2
0 20
168 12
0 61
0 22
0 0
0 10
0 54
0 127
0 136
0 0
105 9
141 43
0 0
1936 32
151 3
0 94
89 25
43 34
3881 132
54 54
2196 114
94 27
0 65
0 67
0 104
0 0
42 42
130 42
0 97
127 41
93 93
0 0
0 55
0 32
0 0
201 41
0 0
1009 111
366 55
0 15
34 34
63 63
41 22
130 1
779 171
0 88
0 0
673 122
0 0
0 42
0 0
0 68
0 91
120 60
0 86
0 88
176 16
0 26
0 0
147 13
19 158
0 38
256 54
0 81
51 51
63 15
0 0
0 0
0 77
0 90
190 10
246 60
68 5
0 53
0 5
0 47
0 16
0 18
1005 48
9651 26
0 0
1518 118
68 82
0 55
3710 10
84 18
0 0
0 157
128 64
1011 109
0 48
12 12
347 109
37 20
402 117
249 51
0 62
0 36
293 24
2788 74
40 20
185 53
0 0
0 154
631 6
0 0
164 143
417 158
68 68
0 0
79 79
28 28
0 58
124 55
0 72
133 9
0 93
0 24
0 0
0 8
749 15
0 67
0 0
45 45
66 9
0 37
0 0
0 10
0 57
0 39
83 29
23 4
371 41
234 9
0 6
950 58
0 62
156 23
0 0
152 2
0 63
0 43
0 59
0 0
36 36
0 62
1484 32
0 151
489 84
1039 63
7 24
0 83
1115 177
0 93
480 151
480 144
8 34
0 0
664 141
307 107
98 98
0 60
149 149
0 0
220 29
2588 28
40 103
0 0
0 84
0 98
170 21
0 57
177 23
73 73
85 40
0 84
44 106
0 83
0 0
114 57
0 0
168 67
146 134
0 44
45 37
0 8
147 41
0 44
0 0
0 17
0 156
0 0
0 0
0 0
0 32
0 0
0 83
0 38
92 92
1525 186
232 8
78 78
68 18
815 45
200 6
411 136
154 23
0 7
0 67
103 38
0 0
110 55
0 45
0 0
0 0
899 19
0 0
84 120
305 57
0 45
0 0
72 72
131 17
0 98
111 5
96 9
0 5
0 73
324 168
141 27
0 0
0 28
1009 79
452 1
0 0
70 15
0 52
0 191
24 158
0 0
0 0
0 48
2857 119
81 17
122 53
791 45
99 66
0 24
24 26
0 0
105 69
4477 119
0 32
2017 54
0 6
279 170
216 44
37 66
113 15
147 53
0 0
0 0
64 6
945 100
4134 17
30 30
180 66
12 12
11 11
0 12
252 126
0 92
22 22
0 96
0 32
738 168
0 25
0 97
0 0
362 140
674 82
86 86
0 0
0 9
0 111
0 21
0 0
65 3
0 14
0 35
1598 124
0 58
335 116
72 36
335 128
0 0
25 25
21 1
0 0
112 56
0 0
225 2
38 38
116 11
0 37
140 70
0 0
0 0
170 13
109 44
1489 47
0 8
0 103
115 56
135 68
0 5
0 86
34 34
4404 92
91 91
0 179
2151 53
0 0
0 0
24 161
146 12
19 33
0 48
117 11
296 134
45 45
0 8
65 65
966 49
78 24
138 4
0 14
0 22
2466 108
0 86
317 118
0 118
68 32
0 0
0 0
101 42
36 37
0 0
12 12
90 11
153 52
302 84
0 92
0 71
0 33
0 0
0 0
0 0
0 115
77 13
0 0
0 70
1427 24
0 0
15 60
30 30
0 0
127 63
0 0
270 15
0 47
13 13
0 0
82 82
0 0
524 119
7 7
63 93
97 52
0 35
162 63
0 7
453 61
0 96
0 35
33 33
0 35
0 11
232 116
0 0
126 50
32 16
486 18
0 0
2072 73
0 51
0 0
57 27
0 65
0 0
0 148
0 0
0 0
126 63
0 97
2611 148
0 0
28 14
100 44
120 102
263 60
166 166
0 35
0 132
330 11
0 0
198 8
0 0
0 7
119 16
0 0
0 0
0 0
649 97
337 42
87 8
183 1
0 31
188 94
0 26
0 63
3630 154
0 60
0 0
0 22
1903 84
110 20
0 23
470 88
0 16
55 56
586 62
0 12
0 0
807 20
230 115
282 56
84 8
0 0
0 96
0 39
50 127
1481 73
0 0
128 16
0 126
0 27
0 0
0 0
0 0
256 128
0 0
232 8
1590 40
108 22
0 32
88 88
0 0
0 0
0 19
0 90
120 6
0 14
31 80
141 38
156 78
1234 10
0 0
0 0
30 30
78 86
0 0
0 0
628 80
703 122
0 0
0 23
0 20
982 68
0 35
0 114
172 28
6699 99
5080 47
82 82
153 68
0 0
0 15
0 32
485 61
34 42
182 22
0 49
1439 77
0 63
360 19
404 140
127 13
0 9
0 0
1692 28
118 47
0 136
0 0
92 11
0 0
168 84
0 54
0 0
105 18
0 61
0 16
2150 18
0 0
3577 42
0 65
216 108
266 18
0 55
0 38
0 63
0 53
0 0
0 20
133 12
41 23
0 36
3063 92
0 0
0 98
184 56
0 15
123 134
144 71
0 28
0 42
173 45
0 57
0 74
336 48
0 11
0 0
0 35
126 1
6 6
47 25
438 169
143 32
0 96
0 0
0 132
89 22
210 62
75 28
39 39
68 132
194 64
969 105
2332 175
132 67
0 0
0 0
120 131
865 132
791 157
0 53
258 9
0 59
0 91
29 29
0 52
118 48
0 0
99 13
81 5
0 0
298 95
103 103
0 39
183 1
2882 148
2365 97
0 0
1450 123
0 0
0 53
182 42
114 93
680 152
1053 141
0 75
0 15
0 46
101 14
0 64
135 53
0 0
99 55
820 8
2108 107
0 28
240 36
23 23
128 64
0 0
135 135
460 25
0 39
69 1
95 19
127 1
0 0
27 27
76 38
932 8
165 2
0 0
66 53
95 95
0 47
0 0
0 48
0 0
139 24
0 130
10 10
0 30
114 39
78 78
60 60
0 0
0 41
0 0
0 46
0 0
0 134
48 24
0 0
3199 14
0 56
0 35
180 1
0 26
231 54
276 138
2657 2
63 111
72 72
210 79
0 0
0 40
0 50
954 171
0 112
0 29
1712 69
0 0
0 51
8 17
95 3
64 32
60 100
0 0
98 11
136 68
1162 115
0 56
0 69
231 84
66 3
0 89
0 35
0 9
0 16
0 13
8116 170
45 45
0 0
96 47
197 4
0 9
108 54
0 26
0 0
14 14
0 0
0 75
0 30
847 161
0 0
0 60
0 0
0 0
0 34
80 10
0 0
0 114
0 57
0 14
0 18
0 104
0 6
0 0
150 7
93 3
0 12
0 30
0 0
0 0
156 78
166 28
0 6
0 0
1946 95
178 49
334 90
240 120
364 54
0 119
104 14
0 28
649 150
717 22
170 170
0 0
0 0
0 20
89 100
555 135
0 159
27 59
0 0
124 43
187 61
88 24
0 83
483 19
178 10
1096 71
3397 145
0 0
1023 29
1310 18
260 81
0 123
285 86
288 146
1069 72
0 25
123 14
310 155
109 14
113 23
0 17
137 42
53 7
2070 90
66 79
17 17
0 108
0 0
0 0
0 0
54 56
0 6
127 64
0 109
0 0
3955 185
0 35
0 109
245 39
54 133
296 30
241 74
37 37
0 0
0 125
71 71
261 106
0 61
0 12
117 20
0 0
15 7
0 0
0 53
89 89
625 135
0 29
0 0
0 88
460 149
0 72
189 48
0 0
128 128
87 87
0 35
182 15
0 65
138 28
299 116
0 77
0 6
0 0
120 120
0 50
12 12
0 42
0 9
113 19
0 66
0 17
0 191
10 10
163 29
0 7
0 0
56 119
33 33
0 72
0 8
172 18
208 104
0 22
0 35
0 77
130 2
240 20
0 0
0 0
0 64
0 55
0 164
0 15
0 0
90 24
0 19
0 8
0 0
318 158
20 10
0 13
0 0
0 0
660 7
122 42
195 33
0 52
0 82
48 58
0 39
0 19
0 89
0 28
0 91
0 13
0 0
0 27
92 46
1257 168
200 45
445 8
90 90
0 20
0 0
224 28
0 71
858 46
124 26
917 28
0 33
0 28
0 51
108 43
0 11
0 0
18 112
0 21
0 23
106 76
0 0
0 10
1047 46
0 12
0 0
1805 158
745 32
100 33
0 34
138 3
0 0
135 28
30 30
554 33
123 82
0 6
0 24
0 116
3946 119
12 8
269 97
14 14
830 32
0 40
0 20
32 34
7109 124
114 42
0 9
0 11
0 0
0 20
223 67
0 44
0 0
1008 123
75 13
128 12
0 0
0 42
330 180
0 37
0 47
0 21
827 51
0 0
0 58
0 0
121 121
0 26
0 0
256 51
87 87
111 81
84 84
0 46
332 52
0 0
74 42
0 0
83 83
8 8
27 136
0 12
0 22
1061 7
0 62
456 43
0 29
83 42
132 66
139 139
1659 26
0 77
0 0
7920 122
0 52
116 31
70 70
800 113
711 26
0 0
251 13
0 45
45 30
0 101
235 69
195 2
0 0
0 0
0 98
0 38
100 100
354 95
0 21
0 49
238 48
0 69
521 88
0 36
1033 17
0 0
301 15
1752 84
49 52
285 112
7454 21
0 20
103 21
0 0
0 100
152 18
300 20
0 12
102 6
117 117
0 0
0 0
0 6
50 69
0 55
0 81
0 49
0 0
0 0
0 20
0 21
156 26
0 0
0 5
156 78
33 4
0 85
280 140
0 97
18 145
0 24
0 69
0 0
0 0
133 97
467 128
0 77
458 44
0 0
568 57
156 156
0 0
99 49
0 0
116 45
0 0
318 28
216 108
89 8
1530 158
2255 123
0 30
0 86
59 59
1161 66
14 14
180 90
0 0
279 138
108 54
0 0
125 50
129 28
126 35
0 0
28 7
356 32
109 109
115 31
0 0
104 52
0 38
392 168
0 29
204 4
0 0
0 89
43 106
0 0
110 64
0 102
0 0
0 68
0 33
0 113
458 117
31 31
7 7
0 65
0 0
104 52
22 22
0 0
5 36
132 3
0 0
2661 73
0 0
0 127
0 92
0 0
0 0
323 105
0 0
0 84
0 93
20 10
783 63
0 0
0 64
24 24
0 0
0 32
59 59
0 83
1870 151
7025 187
0 0
0 0
148 74
0 21
8 98
75 6
3116 67
0 0
0 0
213 106
4852 177
0 103
0 0
14 5
0 64
0 0
0 97
0 35
0 41
161 21
0 49
120 16
1144 93
0 8
1959 45
102 102
0 43
0 0
0 21
0 20
439 114
0 0
0 0
135 18
0 8
0 106
0 0
0 0
90 80
4215 25
0 76
52 138
0 53
432 134
50 55
0 0
0 22
0 0
85 14
59 38
829 65
0 130
0 74
60 11
148 5
0 0
156 78
660 189
65 65
900 45
124 11
0 50
315 99
0 0
0 82
0 116
59 34
0 21
0 40
0 10
0 14
0 0
179 100
0 59
79 62
3004 143
63 115
75 75
79 5
210 9
92 46
225 16
0 0
0 85
0 0
759 125
105 88
0 0
68 53
49 72
164 2
0 60
0 89
31 31
1299 136
0 31
33 33
0 0
97 97
74 14
0 0
0 0
291 6
648 82
314 111
0 17
0 5
0 124
144 6
173 54
93 59
0 21
0 0
0 5
0 0
26 115
32 64
91 33
129 70
322 53
0 91
42 59
0 11
58 36
703 91
24 12
0 111
60 82
0 62
560 44
41 42
29 29
56 56
0 149
1761 107
194 62
0 0
0 40
0 0
91 68
0 0
0 117
237 70
0 73
327 90
1331 17
0 90
0 34
191 5
72 72
0 47
0 0
0 59
1338 59
130 67
59 59
0 0
156 78
137 19
0 50
0 83
0 6
912 89
82 82
181 35
0 108
0 5
191 35
67 3
0 0
2005 67
132 132
2810 40
0 58
0 26
6996 138
0 26
0 24
2238 152
0 51
0 57
1428 81
51 1
0 0
0 75
0 0
0 36
180 90
291 13
0 6
0 86
0 0
0 118
14 14
194 36
28 14
0 0
87 82
3178 136
162 63
98 37
0 96
0 100
104 23
473 181
0 0
135 35
0 59
296 96
950 30
0 0
2454 90
0 87
77 47
10 10
0 144
125 128
0 104
120 120
0 26
318 3
0 0
0 0
205 18
0 22
0 56
98 20
0 0
176 24
0 60
0 0
1182 9
53 96
164 82
460 60
78 78
439 5
136 68
460 74
0 54
106 79
0 19
58 58
0 118
0 0
0 52
41 4
0 93
0 0
0 35
0 76
0 0
123 11
100 50
0 6
387 133
135 3
0 33
0 0
0 11
726 106
32 46
0 0
0 0
1698 84
0 129
0 114
0 11
0 0
68 68
3280 50
72 36
365 151
0 84
0 51
260 130
0 27
147 32
0 12
85 85
90 90
0 66
925 35
582 10
30 7
106 66
91 8
51 30
258 129
170 44
236 112
1020 104
56 1
572 122
0 65
0 35
0 71
0 33
0 0
0 0
0 18
2705 77
0 0
266 133
0 8
0 15
0 0
1220 47
0 40
76 38
1052 7
9341 40
195 45
0 15
174 5
0 0
594 5
0 26
0 125
0 0
14 14
294 13
119 4
1651 34
0 58
173 12
0 89
2707 91
675 93
0 74
13 13
0 31
0 0
200 20
93 93
71 9
49 49
0 18
0 0
0 55
294 45
0 0
124 62
104 52
335 85
0 88
0 33
71 71
4813 86
45 45
301 29
0 0
33 33
0 21
0 73
501 89
0 9
108 30
0 0
0 107
140 46
392 176
0 0
0 0
515 42
84 13
53 68
116 26
0 0
44 44
296 112
71 71
0 22
0 47
212 58
0 42
0 23
0 0
287 77
0 138
92 46
0 28
66 66
111 60
161 161
0 0
8411 159
141 60
481 147
1770 37
1446 23
0 72
0 29
108 7
150 4
48 3
0 149
277 17
0 49
0 38
147 55
0 0
158 33
58 58
0 130
0 46
30 30
656 20
0 0
0 0
60 4
25 66
984 84
1174 122
0 0
20 20
0 77
0 0
0 85
1854 36
0 74
0 26
86 86
34 34
1360 59
27 27
0 57
0 0
0 36
0 118
0 35
0 91
66 66
332 34
110 118
0 53
0 23
0 0
0 29
742 60
1193 148
22 176
100 63
0 81
0 0
1439 73
0 27
622 14
44 15
85 55
0 90
0 0
386 22
27 27
769 56
99 8
568 108
0 152
159 7
108 59
807 1
0 0
0 0
1495 116
0 0
0 21
0 0
160 80
0 22
0 0
100 22
321 46
0 12
786 20
5923 3
784 42
0 0
252 126
0 0
600 148
0 7
1023 41
26 126
0 9
109 5
0 0
0 90
17 17
0 112
215 1
0 0
0 12
0 0
116 7
0 29
0 0
228 114
66 75
136 41
0 44
126 15
1047 118
0 48
0 0
0 122
0 166
0 84
128 28
342 121
0 0
0 162
126 28
459 12
304 12
0 11
0 0
0 22
228 37
161 69
17 17
120 67
75 10
0 94
0 83
3578 69
0 196
949 165
41 21
62 29
0 14
280 81
0 53
68 68
0 5
26 21
902 64
118 24
0 30
0 10
0 59
420 64
0 65
428 34
18 18
0 0
29 3
0 68
2608 118
0 31
1068 117
0 76
362 124
105 92
27 2
0 140
0 42
0 0
0 57
0 39
0 7
0 0
0 44
475 150
1210 33
0 0
267 106
177 2
914 131
91 31
112 56
168 84
0 67
1284 115
92 7
90 95
124 7
581 179
0 0
0 61
0 49
0 33
0 23
0 8
0 0
0 139
81 89
0 0
0 0
22 22
0 75
65 73
34 19
272 136
0 171
0 171
93 93
1662 3
0 0
0 131
0 0
2007 35
0 0
0 0
156 44
0 0
20 20
0 0
0 21
0 168
0 58
83 76
0 0
52 52
64 16
45 84
621 6
0 21
71 71
0 0
0 0
0 131
267 84
21 32
0 0
0 29
0 87
0 61
26 3
0 20
0 42
0 0
1104 16
0 0
116 134
0 0
0 70
0 31
1690 8
185 15
1002 48
0 0
0 7
0 0
0 76
0 27
555 107
0 0
195 46
7 7
33 78
0 0
254 104
57 57
242 100
372 93
0 67
3862 12
7764 152
88 88
0 62
0 100
0 0
0 44
514 95
945 94
0 33
217 36
91 91
0 0
0 69
0 82
63 13
131 31
99 64
0 58
0 17
0 160
2529 106
288 144
0 38
66 33
0 0
0 120
0 10
0 72
0 0
0 8
0 60
0 28
0 47
0 74
358 91
76 22
161 34
320 154
512 102
0 38
2297 117
55 55
259 39
0 0
501 76
0 12
0 0
0 0
0 0
0 36
845 41
58 8
0 13
205 68
598 38
45 143
0 127
0 48
0 174
525 145
20 33
0 150
0 5
102 102
0 0
176 88
44 24
108 4
0 44
0 113
0 22
272 136
0 0
0 0
0 18
168 37
3278 1
0 0
0 0
0 48
232 32
0 0
0 91
93 38
65 40
12 12
0 0
54 37
531 124
5732 132
0 104
372 51
340 94
153 5
308 154
58 58
146 32
0 130
0 0
0 15
0 41
582 2
0 15
260 65
0 138
66 66
144 72
0 0
77 7
1405 8
485 30
48 69
619 46
0 0
0 0
0 0
43 16
136 99
0 63
127 39
148 32
0 14
40 82
0 67
182 8
149 49
0 87
210 29
0 19
0 18
0 0
0 39
3465 78
1295 135
0 0
466 149
4634 152
108 26
0 11
0 5
0 17
208 58
64 32
57 97
95 78
0 0
131 29
302 62
0 46
0 0
0 25
288 24
129 54
0 0
34 34
0 0
0 0
1060 10
25 25
48 11
100 100
0 0
47 141
146 43
434 31
260 106
150 78
117 15
117 1
109 40
0 0
57 57
0 71
172 58
42 21
123 54
189 89
361 149
2828 98
0 35
0 0
114 13
2870 22
0 51
0 25
79 79
0 10
21 21
0 155
171 33
0 54
38 38
0 9
0 172
2411 73
31 31
94 94
37 37
0 155
21 21
123 8
0 77
253 100
0 0
82 8
684 75
141 4
0 77
0 0
477 153
1070 12
110 81
0 0
0 0
402 54
0 0
113 113
835 29
0 0
0 19
0 0
132 14
0 112
113 113
4259 73
0 0
0 7
0 0
123 49
619 19
63 70
157 36
0 45
0 0
0 50
0 15
0 85
45 60
51 26
80 40
78 78
75 69
0 6
0 49
0 40
76 6
0 138
0 47
0 0
0 118
65 65
1630 80
807 112
39 29
22 22
103 103
70 72
258 177
91 36
3390 129
0 7
54 89
0 0
107 45
0 33
0 20
83 83
41 41
0 0
0 30
0 0
421 163
77 101
158 158
0 47
0 6
52 67
2714 95
210 11
27 4
617 164
0 52
176 88
44 44
0 19
0 0
0 0
0 0
141 31
0 24
1200 60
0 0
0 26
0 0
321 57
54 3
121 20
0 15
0 0
139 58
0 55
0 41
0 0
48 10
125 30
0 0
0 0
0 64
124 127
365 60
359 109
82 10
0 23
0 55
149 1
0 0
0 25
0 55
0 38
37 23
0 0
0 73
1282 141
208 104
0 46
0 27
0 41
0 118
0 0
0 47
310 2
224 112
0 0
107 17
0 0
48 9
0 64
0 15
1951 24
0 0
7 9
0 103
26 26
186 34
642 42
74 74
122 122
0 21
122 26
0 0
44 44
30 39
78 39
140 4
0 36
0 0
0 0
0 21
82 36
323 25
0 109
0 88
100 16
3278 101
306 12
0 20
0 143
1397 111
69 72
0 0
0 0
108 54
0 18
15 15
107 107
0 0
100 50
240 120
1226 122
63 111
0 8
17 17
41 41
11 11
2247 90
0 136
0 24
0 38
0 102
0 12
318 52
86 86
8 8
2302 14
0 47
0 118
0 0
24 24
0 44
0 0
187 86
8 8
0 34
138 138
462 142
108 1
0 0
0 0
201 75
738 140
0 0
125 125
287 15
0 109
0 0
350 102
0 63
25 31
1278 45
112 63
96 48
924 39
610 111
151 9
0 9
160 80
230 88
80 61
1297 58
632 75
200 132
0 90
1353 51
417 48
680 100
147 112
0 64
0 0
0 7
149 25
32 32
272 137
287 2
89 5
0 56
0 0
70 70
35 124
0 118
0 38
0 49
36 133
93 47
0 0
0 70
0 34
0 10
0 0
0 16
0 22
40 2
2538 31
254 103
0 0
191 38
0 162
0 24
2652 172
59 2
618 141
0 72
48 124
50 64
0 56
0 28
82 9
0 0
0 0
0 157
45 105
79 3
0 53
198 99
0 72
0 83
0 23
0 31
117 14
0 133
112 56
0 0
0 31
390 166
126 63
58 58
243 19
716 110
0 0
234 10
61 2
0 27
0 41
125 68
120 91
98 1
67 67
40 20
95 18
0 0
97 22
0 49
474 93
658 6
0 37
56 65
642 127
0 93
192 2
2048 129
0 104
0 32
0 0
2102 114
0 0
0 6
28 31
0 0
0 0
1456 48
0 0
33 33
0 0
151 151
0 28
39 68
712 80
190 43
0 0
96 48
0 88
82 10
7 70
0 0
0 78
246 82
192 1
1139 39
153 4
960 146
0 21
120 52
0 48
0 0
75 44
0 17
52 53
0 92
116 116
14 14
53 7
0 0
74 41
0 59
3658 54
0 0
0 0
114 25
0 0
0 34
0 0
0 0
0 32
0 50
9 75
144 3
0 0
154 121
0 31
0 106
35 97
1187 63
0 0
0 48
0 13
28 2
0 0
75 33
0 114
26 28
0 16
61 68
209 9
2607 118
0 41
0 83
0 0
77 77
4192 118
314 149
15 15
66 33
450 3
0 0
0 0
1134 83
108 3
0 50
0 54
0 0
291 3
99 3
156 78
12 12
28 28
7 42
0 52
0 117
0 0
0 8
0 0
47 55
0 0
0 72
0 7
235 99
0 16
0 123
0 41
0 0
0 0
4462 43
308 12
0 0
0 45
0 106
128 64
130 3
65 65
80 40
0 0
0 0
1312 51
48 29
84 42
130 46
937 37
0 23
0 55
0 28
0 29
0 95
13 53
0 0
400 145
282 33
966 111
789 143
0 13
0 76
0 0
142 5
103 29
566 127
0 56
56 67
160 160
53 53
80 102
0 18
0 9
1483 57
238 18
299 98
0 0
0 80
0 37
0 0
339 27
811 61
0 0
96 36
23 161
390 30
862 79
0 0
274 130
259 9
72 24
0 135
1032 72
0 34
0 103
0 35
0 20
231 71
219 43
0 48
57 57
0 58
0 0
84 84
0 20
51 51
1199 15
0 0
572 50
0 87
0 67
0 40
118 118
162 162
0 93
0 86
0 0
62 62
0 18
0 90
0 91
0 96
0 47
0 75
0 80
0 0
0 10
471 87
0 0
169 95
285 113
0 6
100 50
510 114
52 26
18 18
0 0
0 34
170 42
0 0
163 23
64 75
0 0
884 77
0 53
21 120
0 35
14 46
146 43
602 46
0 0
111 111
1874 21
33 33
265 85
0 7
0 23
0 86
0 34
0 0
0 76
0 120
51 63
16 16
51 19
0 46
83 83
0 0
218 41
174 24
80 80
0 65
444 143
0 7
321 81
51 105
0 40
320 100
231 33
72 28
84 87
110 51
0 30
0 0
292 98
362 111
538 29
133 8
0 0
2198 38
0 66
64 32
306 106
176 6
16 16
0 69
0 0
104 58
0 0
260 4
80 40
0 10
0 24
45 45
0 31
432 105
0 0
126 47
0 0
0 59
87 87
830 2
2748 54
0 0
74 74
0 28
156 22
73 27
0 68
0 96
402 47
0 0
0 124
0 72
0 31
78 112
55 68
1431 3
0 139
125 41
72 1
0 18
85 61
72 116
0 91
0 0
0 49
0 152
2936 156
0 67
293 65
0 43
0 0
1845 101
0 46
0 0
0 126
93 58
272 50
0 58
162 12
0 43
0 0
1218 14
0 99
639 14
1471 103
94 52
0 57
0 0
34 34
658 79
286 2
90 111
2405 25
0 39
0 15
86 1
29 29
0 60
0 34
77 95
0 0
126 38
580 39
0 160
140 70
220 12
41 14
0 0
1492 103
22 22
199 18
0 32
168 26
8082 141
0 0
1495 13
171 171
47 47
238 31
0 51
0 33
0 0
0 20
450 148
0 9
0 0
0 0
215 26
0 123
170 18
0 0
0 31
0 30
0 0
0 0
0 63
0 93
0 31
36 10
0 0
24 54
0 61
0 50
0 38
23 79
1809 5
0 8
0 129
456 8
0 0
4735 120
0 0
75 26
0 114
0 139
0 78
0 0
124 124
0 18
0 0
129 2
0 78
0 7
0 82
432 94
0 44
0 51
298 59
38 38
0 103
0 62
47 125
0 68
732 60
0 0
184 16
0 108
196 88
0 45
0 0
770 67
350 113
0 24
219 52
212 100
0 0
144 31
0 64
96 33
0 101
0 5
0 173
0 0
0 0
0 86
99 7
0 0
49 49
39 49
34 34
69 69
0 60
0 46
0 39
165 4
0 17
55 55
0 0
1616 118
0 76
0 12
0 70
73 19
0 122
0 0
0 49
0 0
368 38
0 0
225 59
0 0
488 127
40 90
500 28
0 0
0 97
0 57
0 0
0 0
0 29
75 75
40 40
0 81
84 106
126 34
69 69
105 14
0 80
63 91
0 29
81 12
36 18
0 32
993 159
126 6
837 101
170 55
0 0
0 73
786 116
434 84
0 0
112 112
33 33
0 15
41 1
0 84
0 17
0 133
68 68
0 0
60 55
0 46
200 100
315 10
123 70
0 26
0 131
0 0
0 0
125 70
60 30
84 93
22 3
0 49
0 11
0 154
111 18
0 105
632 28
0 0
0 18
4466 186
0 17
162 36
240 120
232 93
315 20
52 52
30 119
0 10
0 13
1012 104
0 18
0 0
37 3
0 82
0 37
0 54
0 25
0 19
41 84
39 39
0 0
68 68
101 58
0 26
108 18
0 22
143 6
304 42
0 85
0 19
0 10
0 29
0 39
0 105
354 121
0 8
0 36
72 36
0 0
0 133
982 24
0 64
0 26
0 40
0 57
0 58
136 34
0 10
902 106
0 6
47 47
0 0
0 0
139 18
133 10
337 140
0 11
0 47
87 54
83 1
4555 148
1247 77
0 80
0 38
4356 102
0 117
64 32
0 0
1703 12
0 0
155 23
478 188
0 31
0 61
0 35
0 42
0 7
0 99
0 0
10 10
0 83
0 58
0 0
98 8
0 33
90 90
0 67
57 1
0 33
0 6
0 38
0 47
233 37
58 27
57 65
0 80
71 71
0 81
0 59
0 45
0 53
0 0
0 82
96 96
0 21
29 29
161 12
238 87
66 69
286 101
0 51
60 30
0 0
53 53
0 54
0 15
0 0
0 0
0 0
555 5
0 8
100 50
0 93
0 0
0 18
0 23
0 34
0 47
0 155
0 131
0 16
219 13
0 11
570 30
1900 99
0 50
0 33
0 8
315 97
116 78
0 23
1108 104
1036 126
26 140
926 40
25 25
1185 75
0 62
0 78
2140 53
22 22
283 32
0 0
136 25
0 40
0 0
0 0
92 46
1009 15
162 25
558 89
0 5
0 53
0 27
121 79
0 47
0 0
843 40
0 113
0 0
0 0
126 25
1168 81
0 0
0 0
0 142
0 83
133 27
0 0
75 16
3298 135
225 4
285 4
0 6
0 24
96 7
0 9
0 25
23 23
32 32
0 12
2134 135
133 49
63 27
0 0
144 31
0 0
81 81
83 83
0 0
0 0
0 47
216 81
280 26
4356 147
1135 57
0 6
80 40
73 14
410 26
0 137
0 114
7 39
100 7
55 165
0 0
135 51
0 0
0 54
0 0
47 47
4983 186
0 30
0 54
0 116
80 80
0 0
0 48
0 96
29 29
406 135
0 143
116 20
0 62
0 98
0 0
0 51
37 5
225 1
0 54
264 132
252 126
0 5
0 0
0 16
0 67
0 0
0 59
236 36
126 28
130 130
100 120
210 105
0 0
178 20
0 81
0 65
0 27
30 56
0 110
0 26
149 21
0 29
0 0
26 42
0 77
336 152
44 58
42 42
0 0
132 5
0 94
130 130
164 7
65 65
1848 79
156 39
803 101
0 0
0 117
0 41
0 17
252 126
278 22
0 0
3270 48
0 18
0 97
0 39
0 0
0 94
252 126
197 55
7260 177
0 64
130 49
180 8
0 66
15 15
0 11
2429 11
0 0
0 110
0 0
0 44
0 102
149 3
0 34
0 94
0 14
0 69
0 0
101 9
208 104
9 71
1514 62
82 57
0 0
50 122
0 30
0 174
0 0
65 72
0 9
177 67
210 105
71 81
0 38
0 61
141 141
91 91
0 173
288 24
0 82
0 8
0 84
0 0
142 52
0 0
64 64
0 31
338 104
98 98
0 111
0 19
0 0
0 0
0 138
0 98
0 40
175 71
0 56
231 57
0 0
27 27
181 2
0 11
0 118
52 12
0 146
150 106
2332 78
0 51
376 85
0 46
165 7
0 0
0 0
43 109
208 104
1170 152
83 83
0 0
52 26
0 0
449 84
0 102
156 16
220 110
99 40
271 15
0 75
135 28
58 9
0 15
79 79
836 69
0 0
0 0
0 0
0 18
370 142
0 0
224 160
0 98
196 37
0 0
111 24
76 31
0 70
1418 102
1460 104
856 172
138 45
0 7
37 37
394 130
0 30
0 50
23 23
0 39
26 93
0 0
93 93
160 6
1465 96
0 65
0 0
0 0
9 9
0 104
0 45
0 17
111 111
210 65
0 0
2627 172
246 27
0 64
73 30
0 0
0 0
0 28
0 101
0 23
930 82
0 0
0 0
0 0
343 121
0 71
155 3
0 160
0 69
0 0
274 76
1266 90
808 112
0 0
0 18
0 65
25 75
5672 16
1303 87
0 81
0 0
0 177
0 9
0 15
0 17
1281 7
43 5
0 0
0 24
0 0
109 109
1400 40
149 2
3824 160
0 64
0 8
0 92
0 105
0 8
33 33
315 159
78 1
280 34
85 5
0 86
117 29
0 18
0 29
0 0
0 29
144 7
352 68
59 16
0 19
112 24
65 30
13 13
0 0
0 0
87 46
204 102
30 70
0 0
0 98
312 156
0 0
0 0
0 33
19 19
333 101
0 0
0 0
81 30
177 2
401 33
372 4
0 77
0 130
0 0
0 89
550 45
65 65
110 6
0 7
0 0
0 0
0 128
0 60
75 30
12778 189
0 41
0 89
208 104
144 1
128 8
0 0
532 44
0 0
177 13
95 74
1838 139
0 11
33 18
42 69
0 112
0 12
26 26
39 39
264 49
0 0
2134 26
0 0
0 74
0 43
279 125
78 38
0 65
0 0
974 147
83 83
110 4
396 144
0 33
2553 87
767 134
0 0
0 0
0 0
189 21
0 96
0 0
0 0
34 80
0 68
0 49
0 51
0 0
0 0
0 0
23 23
81 53
0 7
0 14
0 50
0 7
0 55
0 0
0 89
117 117
0 0
179 4
228 17
75 41
0 6
0 50
0 128
0 128
50 50
0 19
1038 119
0 20
126 58
43 43
0 7
0 53
0 0
47 88
0 52
0 85
54 27
43 43
80 80
80 80
96 48
8 8
65 104
42 108
546 73
0 72
25 25
1690 115
0 18
173 17
55 84
0 92
360 142
0 0
0 0
130 130
411 4
0 76
0 80
0 62
0 0
402 97
0 0
114 80
152 76
130 8
772 133
155 68
0 21
41 41
0 0
14 14
0 52
87 21
0 6
55 31
0 6
0 0
223 36
208 104
243 19
107 3
0 9
221 83
0 22
74 74
0 0
38 4
402 30
85 15
145 145
198 164
138 1
154 7
142 142
0 72
0 48
2275 34
22 84
106 106
0 62
0 0
0 126
0 31
0 0
78 1
0 79
0 0
0 0
0 103
47 40
1278 99
89 89
0 0
0 17
0 0
0 52
0 0
844 49
119 44
0 68
0 85
30 30
30 42
130 38
264 24
0 0
354 119
134 3
37 39
544 76
0 0
0 20
27 135
0 96
0 0
894 66
0 0
0 90
177 3
0 0
812 131
130 12
34 85
0 19
0 92
287 5
2232 156
0 0
110 14
0 0
97 103
2761 55
6546 151
0 0
0 0
178 33
60 66
3100 178
277 112
100 100
84 10
155 17
387 150
0 139
0 72
0 0
0 70
0 85
0 0
102 102
0 114
149 149
243 75
83 48
128 56
30 15
1354 20
144 44
236 52
0 70
36 110
0 157
0 11
0 112
0 11
0 0
0 6
408 165
87 12
84 84
64 79
161 40
133 17
69 25
0 95
776 53
84 84
0 106
196 73
1762 155
232 116
117 29
0 12
0 0
0 0
0 0
59 10
174 116
0 0
989 5
0 80
114 4
0 113
114 11
48 6
0 0
0 21
0 12
3389 141
102 102
0 0
0 0
0 77
264 149
40 50
0 0
639 87
46 6
0 62
16 16
0 0
0 16
0 0
121 121
0 28
48 48
216 108
0 8
0 59
126 63
114 88
0 0
44 109
182 39
0 33
2582 92
101 38
0 0
0 0
230 142
0 0
0 57
460 122
1576 26
10 10
0 0
3307 98
195 27
80 5
0 0
0 14
0 28
1282 92
0 15
100 50
6349 95
0 16
98 98
738 33
0 115
159 12
0 138
0 0
0 40
0 120
107 93
191 7
923 39
0 8
0 8
75 9
432 69
0 133
622 80
96 9
274 18
140 8
74 74
0 46
0 63
108 54
18 2
0 20
747 95
8273 127
265 50
204 102
354 42
0 0
0 0
0 0
1721 5
0 0
14 14
1872 3
0 129
2032 83
25 76
0 28
0 7
200 56
0 5
0 0
80 40
133 133
0 48
0 25
106 52
0 32
77 77
0 0
795 85
0 0
299 35
0 50
120 110
0 0
77 62
0 25
486 93
0 31
0 20
0 67
0 26
0 20
0 24
0 108
94 10
41 41
0 0
18 18
0 143
0 0
0 0
0 35
0 0
67 83
102 72
0 42
455 149
0 142
0 67
0 0
0 45
0 0
49 49
0 78
0 18
55 5
0 22
0 7
286 10
0 0
28 28
0 24
0 49
18 82
0 0
0 65
36 20
66 79
0 39
96 48
35 49
0 123
0 9
1181 37
0 17
40 20
0 30
0 5
70 9
0 65
0 64
0 0
52 61
0 43
0 0
164 34
0 28
0 45
0 145
2498 197
0 0
0 118
0 19
78 3
684 123
1449 35
27 27
554 77
0 0
72 36
0 22
73 111
0 82
0 16
0 40
113 53
2205 171
596 138
42 13
0 168
0 8
0 85
0 34
136 49
3783 89
0 6
286 129
0 63
0 42
166 1
0 0
127 127
0 63
0 148
0 88
0 0
2661 78
0 18
0 68
0 22
47 47
0 39
0 53
144 30
23 46
98 43
2483 60
0 0
0 128
47 104
0 64
49 49
120 1
0 93
19 5
0 9
51 51
187 28
1153 88
0 0
76 76
486 18
0 0
168 84
260 130
2211 61
0 130
208 32
0 0
0 7
0 0
968 118
0 54
1073 170
0 0
1895 134
0 13
92 46
0 98
0 0
100 85
54 85
0 35
9807 92
123 12
10 10
308 28
129 4
0 25
60 15
0 11
28 81
0 10
66 66
0 0
0 108
0 57
501 11
253 26
0 0
36 14
78 78
0 167
216 108
188 6
0 5
49 49
0 17
79 79
0 0
105 8
0 17
7332 12
0 0
0 15
0 107
2982 32
45 45
108 45
268 77
0 0
201 27
0 0
4719 67
0 24
124 75
411 107
922 191
808 3
0 37
1128 170
0 0
0 0
114 57
0 25
0 0
0 58
854 28
63 63
132 37
148 8
542 50
0 56
0 33
125 125
0 0
0 15
49 49
0 51
0 38
0 11
200 100
1021 21
3913 63
0 76
0 43
0 90
246 13
117 21
873 6
0 35
0 6
0 19
35 68
0 58
0 49
0 7
542 88
1560 156
60 6
124 62
564 20
42 35
0 35
436 133
0 0
0 58
94 94
0 13
1226 94
0 0
0 0
1870 104
126 76
120 9
0 35
880 14
365 120
45 117
150 10
2590 46
5060 103
128 16
3036 104
0 0
104 40
32 148
87 103
93 69
0 67
173 14
0 59
0 0
0 50
0 0
0 83
0 11
138 6
73 38
141 50
0 20
0 0
48 48
248 124
118 23
367 22
0 0
108 54
0 17
929 61
147 26
0 40
302 106
246 4
31 31
91 91
145 145
115 115
0 135
100 100
0 75
18 18
0 83
0 124
98 7
185 1
96 48
46 69
0 0
100 50
2392 77
63 63
0 47
166 8
0 0
30 121
0 10
808 154
523 89
0 10
198 39
1325 14
0 0
0 29
6381 76
0 0
0 0
0 128
718 72
155 3
0 14
0 76
80 80
0 30
716 103
1828 139
0 93
0 31
2442 158
0 25
0 0
0 75
0 5
3627 43
0 0
37 116
0 38
444 24
243 18
0 0
0 10
0 101
0 54
1380 54
97 33
0 19
0 82
0 28
0 24
0 33
0 54
0 0
408 45
108 48
0 38
0 64
0 0
0 0
0 36
381 6
110 55
19 40
0 21
2174 18
0 0
123 101
184 86
0 46
0 7
152 44
182 17
0 0
2765 66
0 21
0 34
62 62
24 24
0 62
0 79
1090 128
0 100
113 113
0 0
0 0
0 25
0 0
0 0
104 76
49 49
0 34
0 65
0 48
125 20
0 0
0 23
14 140
0 74
62 21
0 0
0 179
96 24
0 0
140 140
0 20
197 2
0 54
0 0
75 16
0 86
0 14
0 0
213 59
251 83
0 0
847 96
0 0
132 108
0 0
170 92
1122 108
112 5
71 77
3367 181
0 0
0 102
0 123
1070 3
0 5
156 4
69 69
80 80
0 0
0 0
662 103
0 11
0 73
7692 154
25 31
0 136
5 121
0 148
0 0
0 8
0 36
1068 87
0 34
0 83
0 18
0 0
0 0
0 47
1225 23
0 101
73 5
46 23
94 94
0 64
0 97
0 5
0 61
0 0
0 0
0 85
0 76
4250 145
0 0
79 79
0 75
0 5
250 69
0 51
282 141
1203 99
0 85
276 138
0 13
5277 119
3065 66
84 84
170 15
0 0
562 1
0 125
116 66
50 50
18 56
18 50
